0 0 0
0 0 0
0 0 0
123 75 106
0 0 0
0 0 0
0 0 0
253 242 222
0 0 0
0 0 0
0 0 0
174 109 139
0 0 0
0 0 0
0 0 0
0 0 0
0 0 0
245 187 178
0 0 0
0 0 0
210 182 196
182 162 187
54 83 112
0 0 0
0 0 0
0 0 0
0 0 0
186 191 210
0 0 0
0 0 0
0 0 0
0 0 0
0 0 0
0 0 0
131 88 123
0 0 0
0 0 0
0 0 0
0 0 0
245 145 120
0 0 0
0 0 0
0 0 0
247 191 157
200 113 135
0 0 0
0 0 0
0 0 0
0 0 0
0 0 0
0 0 0
239 155 143
159 96 129
128 121 158
0 0 0
173 191 206
0 0 0
0 0 0
0 0 0
0 0 0
99 99 135
0 0 0
0 0 0
0 0 0
0 0 0
0 0 0
0 0 0
0 0 0
0 0 0
0 0 0
0 0 0
0 0 0
0 0 0
0 0 0
0 0 0
0 0 0
126 146 184
75 93 128
0 0 0
0 0 0
0 0 0
0 0 0
0 0 0
0 0 0
225 132 92
0 0 0
0 0 0
0 0 0
0 0 0
0 0 0
0 0 0
103 77 110
0 0 0
0 0 0
0 0 0
0 0 0
253 235 202
0 0 0
0 0 0
0 0 0
0 0 0
0 0 0
0 0 0
0 0 0
0 0 0
0 0 0
0 0 0
98 84 122
0 0 0
0 0 0
0 0 0
0 0 0
0 0 0
216 131 145
0 0 0
180 101 124
0 0 0
66 69 106
213 168 185
0 0 0
0 0 0
0 0 0
189 138 168
196 126 153
136 102 136
0 0 0
0 0 0
0 0 0
247 180 126
0 0 0
0 0 0
0 0 0
0 0 0
0 0 0
0 0 0
0 0 0
232 160 163
0 0 0
0 0 0
0 0 0
0 0 0
0 0 0
0 0 0
0 0 0
0 0 0
0 0 0
0 0 0
0 0 0
0 0 0
0 0 0
0 0 0
0 0 0
0 0 0
152 115 153
0 0 0
0 0 0
0 0 0
0 0 0
0 0 0
0 0 0
0 0 0
0 0 0
0 0 0
0 0 0
0 0 0
0 0 0
0 0 0
0 0 0
0 0 0
154 151 184
0 0 0
0 0 0
0 0 0
0 0 0
135 110 150
0 0 0
51 65 99
0 0 0
229 122 123
0 0 0
0 0 0
0 0 0
0 0 0
0 0 0
0 0 0
71 76 116
0 0 0
0 0 0
148 164 194
88 106 144
250 217 200
0 0 0
0 0 0
0 0 0
0 0 0
0 0 0
0 0 0
0 0 0
0 0 0
0 0 0
0 0 0
0 0 0
0 0 0
0 0 0
0 0 0
0 0 0
0 0 0
0 0 0
217 142 130
0 0 0
0 0 0
0 0 0
171 121 156
0 0 0
0 0 0
0 0 0
0 0 0
0 0 0
0 0 0
0 0 0
172 175 198
109 110 150
0 0 0
0 0 0
0 0 0
0 0 0
0 0 0
0 0 0
0 0 0
0 0 0
0 0 0
0 0 0
210 123 116
226 198 208
0 0 0
0 0 0
0 0 0
148 93 125
160 183 204
0 0 0
0 0 0
0 0 0
0 0 0
140 81 112
0 0 0
0 0 0
250 217 143
0 0 0
0 0 0
0 0 0
0 0 0
0 0 0
251 217 179
0 0 0
0 0 0
0 0 0
