223 158 174
158 106 134
248 179 174
68 99 136
247 200 196
148 110 148
239 180 163
158 94 126
193 169 191
242 207 175
184 116 140
163 96 128
113 138 178
240 177 188
98 105 141
134 109 150
214 135 131
245 168 159
227 143 140
162 171 198
251 216 169
208 133 149
171 136 172
200 181 200
161 165 193
82 76 116
151 96 127
171 190 206
176 101 132
201 115 139
222 136 147
138 165 195
219 141 158
78 69 101
69 77 122
73 94 133
112 120 155
103 101 134
131 93 134
139 93 129
123 82 116
109 111 156
243 143 134
130 95 127
240 197 163
220 170 183
251 224 191
75 75 114
74 82 128
163 113 153
111 100 135
80 97 135
61 72 116
195 119 124
121 146 184
243 187 147
155 111 153
228 167 126
236 165 169
108 136 176
211 131 157
77 77 118
194 157 181
66 72 108
209 118 141
217 122 132
155 105 141
112 79 112
160 112 145
229 146 127
252 190 162
198 137 169
250 217 182
184 170 192
147 116 158
133 84 118
235 146 147
249 199 138
233 131 131
66 68 103
53 82 111
174 182 203
56 66 101
191 121 149
64 89 119
99 76 109
101 109 155
123 108 147
250 181 166
222 147 149
178 157 183
227 139 99
91 103 139
210 168 186
252 197 179
224 198 209
63 76 112
82 97 130
252 189 178
161 99 133
202 111 135
181 106 135
246 167 166
79 95 129
208 161 179
253 235 197
93 80 122
154 100 133
136 155 189
216 128 144
233 196 188
197 162 186
76 103 138
235 210 217
150 140 176
92 108 149
85 94 130
108 103 140
198 136 158
202 125 157
246 189 186
101 82 121
178 113 145
122 98 129
75 94 126
246 137 117
121 114 156
149 115 150
125 88 124
101 98 137
90 77 116
215 148 168
73 101 140
74 71 108
130 101 132
150 108 138
134 115 154
117 109 150
162 157 186
63 74 118
147 92 126
252 233 179
141 110 150
253 204 179
92 95 127
229 181 189
235 141 141
253 246 213
148 159 191
248 173 131
73 86 117
177 175 197
252 231 207
132 106 142
252 243 229
145 151 186
251 204 169
252 206 185
169 99 130
195 116 144
117 141 180
250 220 143
221 178 192
233 121 118
169 124 160
149 169 197
188 176 197
237 177 178
67 92 123
164 105 143
72 92 124
249 199 154
183 126 160
123 103 140
196 174 194
96 101 136
143 88 122
232 156 161
242 155 142
182 101 123
149 95 132
156 124 164
141 115 155
109 106 144
126 110 151
250 157 117
135 88 123
203 165 186
92 72 104
252 194 172
137 114 158
118 91 130
215 112 122
138 128 162
63 70 114
68 73 115
81 93 125
154 91 124
86 100 136
100 114 148
234 173 174
123 125 159
213 172 190
246 185 175
242 163 151
251 184 173
237 185 189
112 96 127
166 103 134
225 130 138
145 102 134
252 217 202
133 141 179
232 153 151
163 112 139
112 85 124
196 110 133
77 93 128
91 97 133
253 238 214
243 181 180
85 72 105
189 108 135
101 91 126
81 105 143
184 195 213
171 107 140
164 179 199
227 168 178
204 175 194
62 85 126
193 126 158
59 87 117
249 177 155
90 85 123
170 115 148
243 177 171
137 102 134
116 105 142
197 127 147
85 79 119
207 114 132
132 149 186
249 188 128
127 145 184
253 235 164
222 177 159
158 119 154
141 106 140
85 89 120
174 107 135
211 184 199
182 119 149
231 173 181
175 167 192
206 123 146
